507750987
929203906
643254611
236933894
230055985
805952073
624931367
372352703
802636307
832203910
419666636
965532054
359088109
808620446
800078878
535726818
135545733
466085694
918735967
744370218
717640180
916688354
154246242
246099517
869185489
632682756
155674004
427414616
794901782
581226645
941637933
414397003
293073546
890419316
910133804
750560169
479669418
949074460
341264646
710926225
912580554
859098930
984012184
639254706
972893384
107309879
736831184
809329157
550142487
639785454
421120743
196388100
652578432
373897462
514524477
313414835
251729879
254596142
834122784
701627068
945094529
799307814
958087652
806408913
843044202
591353772
423417524
548225162
123716137
371092795
650860602
586651154
256379556
351826998
549133879
661784511
579048780
810419936
658380312
614795323
111794617
257989127
174696693
495173208
829719684
249887042
803559593
660646761
957452878
307520447
649960478
517924560
421480889
785296940
160734804
358934351
729780434
513529645
191111117